SiteName	County	AQI	O3_8hr	WindSpeed	CO_8hr	PM2.5_AVG	PM10_AVG	SO2_AVG
宜蘭	宜蘭縣	31	34	1.4	0.3	7	13	2
宜蘭	宜蘭縣	32	35	1.1	0.3	8	13	2
宜蘭	宜蘭縣	33	36	1.5	0.3	7	12	2
宜蘭	宜蘭縣	33	36	1.3	0.2	6	11	2
宜蘭	宜蘭縣	34	37	1.4	0.2	6	12	2
宜蘭	宜蘭縣	34	37	0.9	0.2	5	11	2
宜蘭	宜蘭縣	33	36	1	0.2	5	11	2
宜蘭	宜蘭縣	33	36	1.1	0.2	5	11	2
宜蘭	宜蘭縣	32	35	0.8	0.2	4	10	2
宜蘭	宜蘭縣	31	34	0.7	0.2	5	10	2
宜蘭	宜蘭縣	31	34	1	0.2	4	10	2
宜蘭	宜蘭縣	32	35	1.1	0.2	4	11	2
宜蘭	宜蘭縣	32	35	0.9	0.2	4	12	2
宜蘭	宜蘭縣	33	36	1.1	0.2	4	13	2
宜蘭	宜蘭縣	33	36	1.6	0.2	4	12	2
宜蘭	宜蘭縣	33	36	0.8	0.2	5	12	2
宜蘭	宜蘭縣	33	36	1.3	0.2	5	12	2
宜蘭	宜蘭縣	34	37	1	0.2	5	12	2
宜蘭	宜蘭縣	33	36	1	0.2	5	12	2
宜蘭	宜蘭縣	33	36	1	0.3	4	10	2
宜蘭	宜蘭縣	33	36	1.1	0.3	4	9	2
宜蘭	宜蘭縣	33	36	0.9	0.3	4	9	2
宜蘭	宜蘭縣	32	35	1.3	0.3	3	8	2
宜蘭	宜蘭縣	32	35	1	0.3	3	8	2
花蓮	花蓮縣	30	32	1.1	0.4	4	13	2
花蓮	花蓮縣	28	30	1.8	0.4	4	13	2
花蓮	花蓮縣	26	28	1.4	0.4	6	15	2
花蓮	花蓮縣	24	26	1.4	0.4	6	14	2
花蓮	花蓮縣	22	24	1.4	0.3	5	14	2
花蓮	花蓮縣	20	22	1.6	0.3	5	14	2
花蓮	花蓮縣	19	20	1.7	0.3	5	13	2
花蓮	花蓮縣	17	18	1	0.3	5	13	2
花蓮	花蓮縣	16	17	1	0.3	5	14	2
花蓮	花蓮縣	18	16	1	0.3	6	14	1
花蓮	花蓮縣	18	16	0.4	0.3	6	14	1
花蓮	花蓮縣	17	17	2.4	0.3	5	14	1
花蓮	花蓮縣	19	20	2.3	0.3	5	12	1
花蓮	花蓮縣	21	23	2.3	0.3	4	11	1
花蓮	花蓮縣	25	27	2.2	0.3	3	10	1
花蓮	花蓮縣	28	30	2.4	0.3	3	10	1
花蓮	花蓮縣	31	34	1.9	0.3	3	10	1
花蓮	花蓮縣	33	36	2.4	0.3	2	9	1
花蓮	花蓮縣	36	39	2.6	0.2	2	8	1
花蓮	花蓮縣	37	40	2.2	0.2	2	8	1
花蓮	花蓮縣	36	39	1.7	0.2	2	7	1
花蓮	花蓮縣	36	39	0.6	0.3	2	6	1
花蓮	花蓮縣	35	38	2.6	0.3	2	6	1
花蓮	花蓮縣	34	37	1.3	0.3	2	6	1
竹山	南投縣	42	17	1.1	0.5	13	27	2
竹山	南投縣	44	14	1	0.5	14	26	2
竹山	南投縣	44	13	1.1	0.5	14	26	2
竹山	南投縣	44	12	1.7	0.5	13	26	2
竹山	南投縣	44	12	1.4	0.5	14	26	2
竹山	南投縣	43	12	0.7	0.5	13	26	2
竹山	南投縣	44	11	0.8	0.4	14	27	2
竹山	南投縣	45	11	0.8	0.4	14	26	2
竹山	南投縣	44	10	0.9	0.4	13	25	2
竹山	南投縣	46	10	0.7	0.4	14	25	2
竹山	南投縣	49	10	0.8	0.4	15	25	2
竹山	南投縣	51	10	1	0.4	16	25	2
竹山	南投縣	52	10	1.5	0.4	16	27	1
竹山	南投縣	54	12	1.4	0.4	17	29	1
竹山	南投縣	56	16	1.4	0.4	17	31	1
竹山	南投縣	59	21	1.8	0.4	19	33	1
竹山	南投縣	59	25	1.1	0.4	19	32	1
竹山	南投縣	60	29	1.5	0.4	19	33	1
竹山	南投縣	58	32	0.8	0.4	18	32	1
竹山	南投縣	59	31	1.4	0.4	19	33	1
竹山	南投縣	62	31	0.9	0.4	20	34	1
竹山	南投縣	62	28	1	0.4	20	35	1
竹山	南投縣	62	23	0.8	0.4	20	35	1
竹山	南投縣	61	18	0.5	0.4	19	35	1
埔里	南投縣	35	15	0.9	0.5	11	16	2
埔里	南投縣	44	13	0.6	0.5	14	19	2
埔里	南投縣	45	12	0.6	0.5	14	20	2
埔里	南投縣	47	11	0.7	0.5	15	21	2
埔里	南投縣	51	11	1	0.5	16	23	2
埔里	南投縣	52	12	0.6	0.5	16	24	2
埔里	南投縣	55	12	0.5	0.5	17	26	2
埔里	南投縣	56	12	1.1	0.5	18	26	2
埔里	南投縣	55	12	0.8	0.5	17	26	2
埔里	南投縣	51	13	0.9	0.5	16	25	2
埔里	南投縣	47	15	0.8	0.4	14	23	2
埔里	南投縣	44	18	2.6	0.4	14	21	2
埔里	南投縣	40	20	2.3	0.4	12	19	2
埔里	南投縣	36	23	2.5	0.4	11	17	2
埔里	南投縣	32	27	1.5	0.4	10	15	2
埔里	南投縣	28	30	2.9	0.4	9	13	2
埔里	南投縣	31	34	3.2	0.3	9	12	2
埔里	南投縣	34	37	3.4	0.3	9	14	2
埔里	南投縣	35	38	2.3	0.3	10	14	2
埔里	南投縣	35	38	1	0.3	10	16	2
埔里	南投縣	35	35	1.4	0.4	11	18	2
埔里	南投縣	39	32	0.7	0.4	12	19	2
埔里	南投縣	43	28	1.4	0.4	13	19	2
埔里	南投縣	46	23	1.3	0.4	14	20	2
屏東	屏東縣	70	19	1.5	0.6	23	52	1
屏東	屏東縣	68	18	1.5	0.6	23	51	1
屏東	屏東縣	88	16	1.2	0.6	31	58	1
屏東	屏東縣	85	15	1.5	0.6	29	56	1
屏東	屏東縣	84	14	0.8	0.5	29	54	1
屏東	屏東縣	82	13	1.4	0.5	28	53	1
屏東	屏東縣	67	12	1.1	0.5	22	47	2
屏東	屏東縣	67	10	1	0.5	22	46	2
屏東	屏東縣	68	10	1.3	0.5	22	47	2
屏東	屏東縣	69	10	1	0.5	23	49	2
屏東	屏東縣	71	11	0.9	0.5	24	54	2
屏東	屏東縣	76	13	0.7	0.5	26	61	2
屏東	屏東縣	79	18	1.7	0.5	27	63	2
屏東	屏東縣	78	23	1.2	0.5	27	61	2
屏東	屏東縣	75	30	2.1	0.5	25	56	2
屏東	屏東縣	74	36	1.5	0.5	25	52	2
屏東	屏東縣	72	42	0.5	0.5	24	51	2
屏東	屏東縣	71	48	2.7	0.5	24	53	2
屏東	屏東縣	72	51	1.2	0.5	24	56	2
屏東	屏東縣	75	52	0.8	0.5	25	57	2
屏東	屏東縣	79	49	1.3	0.5	27	61	2
屏東	屏東縣	86	45	0.5	0.6	30	65	2
屏東	屏東縣	89	40	1.1	0.6	31	65	2
屏東	屏東縣	89	34	1.3	0.7	31	66	2
潮州	屏東縣	103	12	0.4	0.7	36	68	3
潮州	屏東縣	93	10	0.9	0.7	33	65	3
潮州	屏東縣	90	10	1.4	0.7	32	65	3
潮州	屏東縣	95	8	1.3	0.6	33	64	3
潮州	屏東縣	95	7	0.9	0.6	33	62	3
潮州	屏東縣	92	6	0.4	0.6	32	59	3
潮州	屏東縣	87	5	0.4	0.5	30	55	3
潮州	屏東縣	80	4	0.4	0.5	27	53	3
潮州	屏東縣	78	4	0.6	0.5	27	52	3
潮州	屏東縣	79	5	1	0.5	27	53	3
潮州	屏東縣	82	7	1.5	0.5	28	56	3
潮州	屏東縣	87	10	0.8	0.5	30	58	3
潮州	屏東縣	90	15	1.6	0.5	31	59	3
潮州	屏東縣	92	22	2.2	0.5	32	59	3
潮州	屏東縣	91	29	3.2	0.5	32	59	3
潮州	屏東縣	86	36	2.3	0.5	30	56	3
潮州	屏東縣	85	43	1.3	0.5	29	56	3
潮州	屏東縣	83	48	1.8	0.5	28	55	3
潮州	屏東縣	83	52	1.5	0.5	29	55	3
潮州	屏東縣	90	54	0.6	0.5	31	58	3
潮州	屏東縣	91	53	1.7	0.5	32	61	3
潮州	屏東縣	92	51	0.9	0.5	32	62	3
潮州	屏東縣	92	47	0.6	0.5	32	61	2
潮州	屏東縣	88	43	0.4	0.5	31	59	2
苗栗	苗栗縣	25	27	2.8	0.3	7	15	1
苗栗	苗栗縣	29	27	3.1	0.3	9	17	1
苗栗	苗栗縣	32	28	2.9	0.3	10	19	1
苗栗	苗栗縣	35	28	2.9	0.3	11	20	1
苗栗	苗栗縣	36	28	2.8	0.3	11	20	1
苗栗	苗栗縣	33	27	2.7	0.3	10	19	1
苗栗	苗栗縣	31	27	2.2	0.3	10	16	1
苗栗	苗栗縣	29	27	2.7	0.3	9	14	1
苗栗	苗栗縣	27	26	2	0.3	8	14	1
苗栗	苗栗縣	26	25	2.2	0.3	8	14	1
苗栗	苗栗縣	24	25	3.1	0.3	8	14	1
苗栗	苗栗縣	24	24	2.3	0.3	8	15	1
苗栗	苗栗縣	25	24	2.1	0.3	8	15	1
苗栗	苗栗縣	24	24	2.4	0.3	7	14	1
苗栗	苗栗縣	24	24	2.6	0.3	8	15	2
苗栗	苗栗縣	24	24	3.6	0.3	7	13	2
苗栗	苗栗縣	23	25	3.4	0.3	7	12	2
苗栗	苗栗縣	24	25	2.6	0.3	8	12	2
苗栗	苗栗縣	24	25	2.3	0.3	7	11	2
苗栗	苗栗縣	22	24	1.5	0.3	7	12	2
苗栗	苗栗縣	22	22	1.4	0.3	7	13	2
苗栗	苗栗縣	22	21	1.1	0.4	7	13	2
苗栗	苗栗縣	23	19	0.7	0.4	7	13	2
苗栗	苗栗縣	25	17	0.7	0.4	8	13	2
中壢	桃園市	42	23	1.7	0.8	13	26	2
中壢	桃園市	67	24	1.9	0.7	22	37	2
中壢	桃園市	69	26	1.9	0.6	23	38	2
中壢	桃園市	68	27	2	0.5	23	38	2
中壢	桃園市	67	29	1.7	0.4	22	36	2
中壢	桃園市	45	30	1.9	0.4	14	25	2
中壢	桃園市	40	30	2.5	0.4	12	22	2
中壢	桃園市	38	30	2.2	0.3	12	20	2
中壢	桃園市	37	30	2.5	0.3	12	19	2
中壢	桃園市	36	29	1.9	0.3	11	21	2
中壢	桃園市	34	29	2	0.3	11	21	2
中壢	桃園市	33	28	2	0.3	10	20	2
中壢	桃園市	33	27	1.6	0.4	10	20	2
中壢	桃園市	24	26	1.5	0.4	7	17	2
中壢	桃園市	23	25	1.6	0.4	7	15	2
中壢	桃園市	23	25	1.8	0.5	7	14	2
中壢	桃園市	23	24	1.3	0.5	7	13	2
中壢	桃園市	24	24	1.3	0.6	6	13	2
中壢	桃園市	23	23	1.2	0.6	6	12	2
中壢	桃園市	25	22	1.3	0.6	6	12	2
中壢	桃園市	27	21	1.7	0.7	6	12	2
中壢	桃園市	24	20	1.6	0.7	5	12	2
中壢	桃園市	24	19	1.4	0.8	5	12	2
中壢	桃園市	24	18	1	0.8	5	12	2
平鎮	桃園市	41	30	4.1	0.5	13	27	2
平鎮	桃園市	45	31	3.6	0.4	14	30	2
平鎮	桃園市	47	32	2.7	0.4	15	31	2
平鎮	桃園市	46	33	3.7	0.4	14	30	2
平鎮	桃園市	43	33	3.2	0.3	13	27	2
平鎮	桃園市	36	33	3.6	0.3	11	22	2
平鎮	桃園市	32	33	3.8	0.3	10	19	2
平鎮	桃園市	31	33	3.8	0.3	9	18	2
平鎮	桃園市	31	33	3.7	0.3	8	17	2
平鎮	桃園市	31	33	3.3	0.3	8	18	2
平鎮	桃園市	31	33	3.3	0.3	9	19	2
平鎮	桃園市	31	33	3.4	0.3	8	18	2
平鎮	桃園市	31	33	3	0.3	8	17	2
平鎮	桃園市	31	34	3.5	0.3	6	15	2
平鎮	桃園市	31	34	3.7	0.3	5	13	2
平鎮	桃園市	31	34	3.2	0.3	4	12	2
平鎮	桃園市	31	34	4	0.3	4	12	2
平鎮	桃園市	31	34	3.5	0.3	4	12	2
平鎮	桃園市	31	34	3	0.4	4	11	2
平鎮	桃園市	31	34	3.1	0.4	4	11	2
平鎮	桃園市	31	33	3.9	0.4	4	10	2
平鎮	桃園市	30	32	3.2	0.4	4	9	2
平鎮	桃園市	30	32	3	0.4	4	9	2
平鎮	桃園市	29	31	1.9	0.4	3	8	2
觀音	桃園市	44	38	6.7	0.2	14	32	3
觀音	桃園市	45	38	6.4	0.2	14	33	3
觀音	桃園市	45	37	5.1	0.2	14	33	3
觀音	桃園市	47	37	6.3	0.2	15	33	3
觀音	桃園市	44	36	6.8	0.2	14	31	3
觀音	桃園市	40	37	7.1	0.2	12	29	3
觀音	桃園市	37	37	6.7	0.2	12	28	3
觀音	桃園市	34	37	6.2	0.2	10	27	3
觀音	桃園市	34	37	6.5	0.2	9	27	3
觀音	桃園市	34	37	6	0.2	9	27	4
觀音	桃園市	34	37	7.3	0.2	8	27	4
觀音	桃園市	35	38	6.7	0.2	8	28	4
觀音	桃園市	35	38	6.4	0.2	8	27	4
觀音	桃園市	35	38	6.1	0.2	7	24	4
觀音	桃園市	36	39	7	0.2	7	22	4
觀音	桃園市	36	39	6.6	0.2	6	21	4
觀音	桃園市	36	39	6.3	0.2	6	19	4
觀音	桃園市	37	40	4.9	0.2	5	20	4
觀音	桃園市	36	39	3.9	0.2	6	20	4
觀音	桃園市	35	38	3.9	0.2	6	17	4
觀音	桃園市	34	37	4.4	0.2	7	17	4
觀音	桃園市	32	35	5.6	0.2	7	16	5
觀音	桃園市	31	34	3.6	0.2	7	15	5
觀音	桃園市	30	32	3.7	0.2	7	16	5
大寮	高雄市	86	9	2	0.7	30	60	5
大寮	高雄市	82	7	0.9	0.7	28	57	5
大寮	高雄市	82	6	1.1	0.7	28	54	5
大寮	高雄市	79	5	1.1	0.6	27	50	5
大寮	高雄市	75	4	1.6	0.6	25	47	5
大寮	高雄市	72	3	1.7	0.6	24	44	5
大寮	高雄市	69	3	1.1	0.6	23	42	5
大寮	高雄市	67	3	1.7	0.5	22	42	6
大寮	高雄市	68	3	1.1	0.5	22	42	6
大寮	高雄市	70	4	1.5	0.5	23	45	6
大寮	高雄市	75	5	1.6	0.5	25	47	6
大寮	高雄市	81	8	1.6	0.5	28	50	6
大寮	高雄市	83	13	1.6	0.5	28	51	6
大寮	高雄市	86	19	1.1	0.5	30	48	6
大寮	高雄市	83	25	2	0.5	28	49	6
大寮	高雄市	84	31	2.1	0.5	29	49	6
大寮	高雄市	86	38	2	0.5	30	50	6
大寮	高雄市	87	44	1.8	0.5	30	53	6
大寮	高雄市	90	48	1.6	0.5	32	54	6
大寮	高雄市	92	48	0.4	0.5	32	58	6
大寮	高雄市	94	45	0.4	0.5	33	62	6
大寮	高雄市	94	40	0.9	0.6	33	62	6
大寮	高雄市	93	35	1	0.6	33	63	5
大寮	高雄市	89	29	1.8	0.6	31	61	5
林園	高雄市	84	16	2	0.7	29	72	4
林園	高雄市	83	13	2.1	0.7	28	71	4
林園	高雄市	82	10	2	0.7	28	68	4
林園	高雄市	82	8	1.3	0.7	28	66	4
林園	高雄市	81	7	1.4	0.6	28	63	4
林園	高雄市	80	6	1.6	0.6	27	63	4
林園	高雄市	79	5	2	0.6	27	62	4
林園	高雄市	77	4	1.8	0.6	26	61	4
林園	高雄市	78	4	1	0.5	26	61	4
林園	高雄市	80	5	1.5	0.5	27	62	4
林園	高雄市	81	7	1.9	0.5	28	64	4
林園	高雄市	85	10	2.1	0.5	29	66	4
林園	高雄市	87	13	2.6	0.5	30	66	4
林園	高雄市	85	18	3.5	0.5	29	64	4
林園	高雄市	83	24	3.1	0.5	28	61	4
林園	高雄市	80	32	3.3	0.5	27	59	4
林園	高雄市	79	39	2.9	0.5	27	56	4
林園	高雄市	78	44	2.2	0.5	26	54	4
林園	高雄市	76	48	1.6	0.4	26	53	4
林園	高雄市	74	52	1.6	0.4	25	53	4
林園	高雄市	71	54	1.6	0.4	24	54	3
林園	高雄市	71	55	1.9	0.3	24	54	3
林園	高雄市	71	52	1.5	0.4	24	55	3
林園	高雄市	75	46	2	0.4	25	60	3
高雄(左營)	高雄市	67	20	0.2	0.6	22	48	1
高雄(左營)	高雄市	67	17	0.4	0.6	22	46	1
高雄(左營)	高雄市	67	15	0.3	0.5	22	43	1
高雄(左營)	高雄市	68	13	0.3	0.5	23	42	1
高雄(左營)	高雄市	71	12	0.7	0.5	24	42	1
高雄(左營)	高雄市	71	11	0.7	0.5	24	41	1
高雄(左營)	高雄市	68	10	0.2	0.4	23	40	1
高雄(左營)	高雄市	67	9	0.2	0.4	22	41	1
高雄(左營)	高雄市	66	9	0.7	0.4	21	41	1
高雄(左營)	高雄市	67	9	0.4	0.4	22	40	1
高雄(左營)	高雄市	68	10	0.3	0.4	22	41	1
高雄(左營)	高雄市	71	12	1.3	0.4	24	43	1
高雄(左營)	高雄市	75	15	1.9	0.4	25	44	1
高雄(左營)	高雄市	75	19	1.7	0.4	25	47	1
高雄(左營)	高雄市	78	24	1.5	0.4	27	50	1
高雄(左營)	高雄市	79	30	1.7	0.4	27	51	1
高雄(左營)	高雄市	80	36	1.7	0.4	27	51	1
高雄(左營)	高雄市	79	41	1.7	0.4	27	50	1
高雄(左營)	高雄市	77	44	0.5	0.4	26	49	1
高雄(左營)	高雄市	73	45	0.9	0.4	25	47	1
高雄(左營)	高雄市	73	43	0.2	0.4	24	47	1
高雄(左營)	高雄市	71	41	0.3	0.4	24	47	1
高雄(左營)	高雄市	75	37	0.2	0.4	25	48	1
高雄(左營)	高雄市	79	32	0.4	0.4	27	49	1
楠梓加工出口區	高雄市	67	15	1	0.6	22	48	1
楠梓加工出口區	高雄市	65	13	1	0.6	21	46	1
楠梓加工出口區	高雄市	65	12	1.1	0.6	21	43	1
楠梓加工出口區	高雄市	66	10	1.2	0.6	21	42	1
楠梓加工出口區	高雄市	66	10	0.5	0.5	22	41	1
楠梓加工出口區	高雄市	66	9	0.9	0.5	22	41	1
楠梓加工出口區	高雄市	65	9	0.8	0.5	21	42	1
楠梓加工出口區	高雄市	65	9	0.5	0.5	21	40	1
楠梓加工出口區	高雄市	63	9	0.9	0.5	21	39	1
楠梓加工出口區	高雄市	63	9	0.7	0.5	20	39	1
楠梓加工出口區	高雄市	64	9	1	0.5	21	39	1
楠梓加工出口區	高雄市	67	11	1	0.5	22	42	1
楠梓加工出口區	高雄市	71	13	1	0.5	24	44	2
楠梓加工出口區	高雄市	74	16	1.2	0.5	25	47	2
楠梓加工出口區	高雄市	76	20	0.9	0.5	26	50	2
楠梓加工出口區	高雄市	79	24	1.2	0.5	27	51	2
楠梓加工出口區	高雄市	78	28	1.1	0.5	27	51	2
楠梓加工出口區	高雄市	75	31	0.9	0.4	25	49	2
楠梓加工出口區	高雄市	74	33	0.8	0.4	25	49	2
楠梓加工出口區	高雄市	71	33	1.1	0.5	24	50	2
楠梓加工出口區	高雄市	70	32	1	0.5	23	51	2
楠梓加工出口區	高雄市	70	30	0.6	0.5	23	53	2
楠梓加工出口區	高雄市	71	27	0.6	0.5	24	55	2
楠梓加工出口區	高雄市	72	23	1.4	0.5	24	56	2
基隆	基隆市	45	42	1.6	0.2	14	38	1
基隆	基隆市	42	41	1.4	0.2	13	37	1
基隆	基隆市	38	41	1.2	0.2	12	34	1
基隆	基隆市	38	41	1.7	0.2	11	30	1
基隆	基隆市	37	40	1	0.2	10	27	1
基隆	基隆市	37	40	1.2	0.2	9	25	1
基隆	基隆市	37	40	1.6	0.2	8	24	1
基隆	基隆市	37	40	0.6	0.2	8	23	1
基隆	基隆市	35	38	0.5	0.2	7	23	1
基隆	基隆市	33	36	0.9	0.2	7	21	1
基隆	基隆市	32	35	1.1	0.2	7	19	1
基隆	基隆市	32	35	0.6	0.2	7	19	1
基隆	基隆市	31	34	0.9	0.3	7	18	1
基隆	基隆市	31	34	0.9	0.3	7	17	1
基隆	基隆市	31	34	1.1	0.3	6	17	1
基隆	基隆市	32	35	0.6	0.3	5	16	1
基隆	基隆市	33	36	1.5	0.3	5	14	1
基隆	基隆市	35	38	0.6	0.2	4	13	1
基隆	基隆市	33	36	0.6	0.3	4	11	1
基隆	基隆市	31	34	0.6	0.3	4	11	1
基隆	基隆市	31	33	0.4	0.3	3	11	1
基隆	基隆市	28	30	0.7	0.3	3	12	1
基隆	基隆市	25	27	0.6	0.3	4	13	1
基隆	基隆市	22	24	0.7	0.3	4	12	1
斗六	雲林縣	37	22	1.5	0.4	12	23	2
斗六	雲林縣	35	21	1.5	0.4	11	23	2
斗六	雲林縣	34	20	1.7	0.4	10	23	2
斗六	雲林縣	32	20	1.6	0.3	10	21	2
斗六	雲林縣	31	20	1.2	0.3	10	21	2
斗六	雲林縣	38	20	0.8	0.3	12	21	2
斗六	雲林縣	37	20	1.4	0.3	11	22	2
斗六	雲林縣	38	20	1.6	0.3	12	24	2
斗六	雲林縣	39	20	1.7	0.3	12	25	2
斗六	雲林縣	34	19	1.6	0.3	11	26	2
斗六	雲林縣	37	19	2.1	0.3	11	26	2
斗六	雲林縣	40	19	2	0.3	12	27	2
斗六	雲林縣	42	20	2.4	0.3	13	27	2
斗六	雲林縣	46	22	1.4	0.3	14	28	2
斗六	雲林縣	49	25	2.1	0.3	15	29	2
斗六	雲林縣	53	29	2.2	0.3	16	31	2
斗六	雲林縣	58	32	2.2	0.3	18	33	2
斗六	雲林縣	58	34	1.4	0.3	18	35	2
斗六	雲林縣	57	36	1.6	0.3	18	36	1
斗六	雲林縣	55	35	1.2	0.3	17	36	1
斗六	雲林縣	55	34	0.7	0.3	17	37	1
斗六	雲林縣	57	31	0.7	0.4	18	38	1
斗六	雲林縣	60	26	0.8	0.4	19	38	1
斗六	雲林縣	60	22	0.7	0.4	19	36	1
麥寮	雲林縣	38	26	4.2	0.4	12	34	3
麥寮	雲林縣	39	25	4.1	0.3	12	34	3
麥寮	雲林縣	39	24	3.9	0.3	12	33	3
麥寮	雲林縣	40	22	4.8	0.3	12	34	3
麥寮	雲林縣	43	21	3.8	0.3	13	36	3
麥寮	雲林縣	47	21	3	0.4	15	37	3
麥寮	雲林縣	44	19	3.8	0.4	14	37	3
麥寮	雲林縣	43	19	4.5	0.4	13	36	3
麥寮	雲林縣	41	19	4.3	0.4	13	33	3
麥寮	雲林縣	37	20	4.1	0.4	11	31	3
麥寮	雲林縣	36	20	3.8	0.4	11	29	3
麥寮	雲林縣	35	21	4.8	0.3	11	29	3
麥寮	雲林縣	32	23	5.6	0.3	10	29	3
麥寮	雲林縣	29	25	6.6	0.3	9	29	3
麥寮	雲林縣	28	28	5.5	0.3	9	29	3
麥寮	雲林縣	29	31	5.3	0.3	8	29	3
麥寮	雲林縣	31	33	4.6	0.3	8	29	3
麥寮	雲林縣	32	35	4.8	0.3	8	28	3
麥寮	雲林縣	34	37	3.9	0.2	8	28	3
麥寮	雲林縣	34	37	2.1	0.2	8	27	3
麥寮	雲林縣	31	34	1.8	0.3	9	29	3
麥寮	雲林縣	31	32	2	0.3	10	30	3
麥寮	雲林縣	31	30	3.2	0.3	10	29	3
麥寮	雲林縣	31	28	3.1	0.3	10	28	3
臺西	雲林縣	49	36	8.2	0.3	15	38	2
臺西	雲林縣	45	35	7.8	0.3	14	36	2
臺西	雲林縣	45	34	7.8	0.3	14	36	2
臺西	雲林縣	46	33	7.7	0.3	14	37	2
臺西	雲林縣	45	33	7.3	0.2	14	36	2
臺西	雲林縣	48	32	7.2	0.2	15	35	2
臺西	雲林縣	48	32	7.3	0.2	15	35	2
臺西	雲林縣	47	31		0.2	15	32	2
臺西	雲林縣	45	31	6.5	0.2	14	29	2
臺西	雲林縣	42	31	6.9	0.2	13	26	2
臺西	雲林縣	40	31	7	0.2	12	24	2
臺西	雲林縣	38	32	9.1	0.2	12	24	3
臺西	雲林縣	36	34	9.1	0.2	11	25	2
臺西	雲林縣	36	36	10	0.2	11	28	2
臺西	雲林縣	37	39	9.8	0.2	11	30	2
臺西	雲林縣	39	41	10	0.2	12	31	3
臺西	雲林縣	40	43	8.8	0.2	12	31	3
臺西	雲林縣	42	45	8.9	0.2	12	30	3
臺西	雲林縣	43	46	6.6	0.2	11	28	3
臺西	雲林縣	43	46	4.2	0.2	10	26	3
臺西	雲林縣	41	44	4.5	0.2	10	26	3
臺西	雲林縣	37	40	4.4	0.2	10	26	3
臺西	雲林縣	35	38	5.6	0.2	10	25	3
臺西	雲林縣	32	35	5.1	0.2	9	25	3
板橋	新北市	44	25	2.2	0.4	13	27	1
板橋	新北市	57	26	2.3	0.4	18	32	1
板橋	新北市	55	28	2.2	0.4	17	33	1
板橋	新北市	52	29	2.3	0.3	16	31	1
板橋	新北市	48	30	3	0.3	15	28	1
板橋	新北市	34	31	2.8	0.3	10	23	1
板橋	新北市	34	32	2.1	0.3	10	22	1
板橋	新北市	33	33	2.8	0.3	10	20	1
板橋	新北市	31	32	2.1	0.3	10	19	1
板橋	新北市	31	32	3.2	0.3	9	19	1
板橋	新北市	29	31	4.2	0.3	9	19	1
板橋	新北市	29	30	3.5	0.3	9	19	1
板橋	新北市	28	29	4	0.3	9	19	1
板橋	新北市	27	29	3.2	0.3	8	18	1
板橋	新北市	26	28	3	0.3	8	16	1
板橋	新北市	25	27	3.1	0.3	7	15	1
板橋	新北市	25	27	3.1	0.3	7	14	1
板橋	新北市	25	27	2.5	0.4	6	12	1
板橋	新北市	24	26	2.6	0.4	6	11	1
板橋	新北市	24	26	3.1	0.4	5	11	1
板橋	新北市	23	25	1.8	0.4	5	11	1
板橋	新北市	22	24	3.2	0.4	5	11	1
板橋	新北市	22	24	3.5	0.4	5	11	1
板橋	新北市	22	24	3.9	0.4	5	11	1
新竹	新竹市	42	33	4.6	0.4	13	26	1
新竹	新竹市	46	33	3.7	0.3	14	28	1
新竹	新竹市	45	33	2.8	0.3	14	29	1
新竹	新竹市	42	34	3.5	0.3	13	28	1
新竹	新竹市	40	34	3.1	0.3	12	26	1
新竹	新竹市	33	34	3	0.3	10	23	1
新竹	新竹市	31	33	3.3	0.2	10	20	1
新竹	新竹市	31	33	3.2	0.2	9	19	1
新竹	新竹市	31	33	2.7	0.2	8	18	1
新竹	新竹市	31	33	2.9	0.2	8	17	1
新竹	新竹市	30	32	3.2	0.2	8	17	1
新竹	新竹市	30	32	2.9	0.2	8	17	1
新竹	新竹市	30	32	2.9	0.2	8	17	1
新竹	新竹市	30	32	2.7	0.3	7	17	1
新竹	新竹市	30	32	2.9	0.3	7	16	1
新竹	新竹市	30	32	3	0.3	6	16	1
新竹	新竹市	30	32	3.3	0.3	6	16	1
新竹	新竹市	30	32	2.4	0.3	6	14	1
新竹	新竹市	30	32	2.6	0.3	5	13	1
新竹	新竹市	30	32	1.7	0.3	6	12	1
新竹	新竹市	28	30	1.9	0.3	6	11	1
新竹	新竹市	26	28	1.1	0.3	6	10	1
新竹	新竹市	23	25	0.6	0.4	6	11	1
新竹	新竹市	22	23	0.4	0.4	6	11	1
湖口	新竹縣	42	36	6.2	0.3	13	24	2
湖口	新竹縣	44	36	5.8	0.3	13	24	2
湖口	新竹縣	43	35	5.9	0.3	13	25	2
湖口	新竹縣	38	35	4.8	0.3	12	24	2
湖口	新竹縣	36	35	5.3	0.2	11	22	2
湖口	新竹縣	33	36	4.8	0.2	10	20	2
湖口	新竹縣	33	36	4.6	0.2	9	18	2
湖口	新竹縣	33	36	4.8	0.2	9	16	1
湖口	新竹縣	33	36	4.3	0.2	9	16	1
湖口	新竹縣	33	36	4.7	0.2	8	16	1
湖口	新竹縣	32	35	4.7	0.2	9	16	1
湖口	新竹縣	32	35	4	0.2	9	17	2
湖口	新竹縣	32	35	4.5	0.2	8	16	2
湖口	新竹縣	32	35	4.5	0.2	8	16	2
湖口	新竹縣	32	35	4.2	0.2	8	16	2
湖口	新竹縣	33	36	5.4	0.2	7	15	2
湖口	新竹縣	33	36	4.3	0.2	7	15	2
湖口	新竹縣	34	37	4.1	0.2	6	14	2
湖口	新竹縣	34	37	4.2	0.2	6	13	2
湖口	新竹縣	33	36	4.2	0.3	6	11	2
湖口	新竹縣	32	35	4	0.3	6	10	2
湖口	新竹縣	31	34	2.8	0.3	6	9	2
湖口	新竹縣	31	33	1.9	0.3	6	9	2
湖口	新竹縣	29	31	2.5	0.3	5	10	2
嘉義	嘉義市	46	18	2	0.5	14	29	1
嘉義	嘉義市	48	17	2.1	0.5	15	28	1
嘉義	嘉義市	45	16	2	0.5	14	29	1
嘉義	嘉義市	44	15	2.5	0.4	14	27	2
嘉義	嘉義市	44	16	1.4	0.4	13	25	2
嘉義	嘉義市	37	14	1.7	0.4	11	23	2
嘉義	嘉義市	38	15	1.6	0.4	12	22	2
嘉義	嘉義市	38	15	2.2	0.3	12	22	2
嘉義	嘉義市	40	15	1.8	0.3	12	24	2
嘉義	嘉義市	43	15	2.3	0.3	13	27	2
嘉義	嘉義市	45	15	1.6	0.3	14	29	2
嘉義	嘉義市	50	15	2.5	0.3	15	31	2
嘉義	嘉義市	52	16	2.6	0.4	16	32	2
嘉義	嘉義市	51	21	2.1	0.4	16	32	2
嘉義	嘉義市	54	24	2.6	0.4	17	32	2
嘉義	嘉義市	55	29	2.6	0.4	17	32	2
嘉義	嘉義市	55	33	2.5	0.4	17	31	2
嘉義	嘉義市	57	37	2	0.4	18	33	2
嘉義	嘉義市	53	38	2.7	0.4	17	34	2
嘉義	嘉義市	53	36	1.9	0.4	17	36	2
嘉義	嘉義市	56	35	2	0.4	17	40	2
嘉義	嘉義市	57	32	0.9	0.5	18	41	2
嘉義	嘉義市	59	27	1.8	0.5	19	44	2
嘉義	嘉義市	58	22	1.7	0.5	18	43	2
朴子	嘉義縣	33	24	1.8	0.4	10	30	2
朴子	嘉義縣	30	22	1.7	0.4	9	30	2
朴子	嘉義縣	29	22	1.3	0.4	9	28	2
朴子	嘉義縣	26	23	1.1	0.4	8	26	2
朴子	嘉義縣	34	24	1.3	0.4	10	24	2
朴子	嘉義縣	35	24	1	0.3	11	23	2
朴子	嘉義縣	36	25	1.5	0.3	11	23	2
朴子	嘉義縣	38	25	1.2	0.3	12	24	2
朴子	嘉義縣	32	25	1.5	0.3	10	25	2
朴子	嘉義縣	30	25	1.5	0.3	9	26	2
朴子	嘉義縣	29	25	1.6	0.3	9	26	2
朴子	嘉義縣	27	25	1.9	0.3	8	25	2
朴子	嘉義縣	29	25	2.4	0.3	9	24	2
朴子	嘉義縣	30	26	2.3	0.3	9	25	3
朴子	嘉義縣	30	28	2.3	0.3	9	26	3
朴子	嘉義縣	30	30	2.1	0.3	9	28	3
朴子	嘉義縣	31	33	2.5	0.3	10	31	3
朴子	嘉義縣	32	35	2.2	0.3	9	33	3
朴子	嘉義縣	33	36	1.5	0.3	9	34	3
朴子	嘉義縣	34	37	1.2	0.3	10	34	3
朴子	嘉義縣	33	36	1.1	0.3	9	35	3
朴子	嘉義縣	32	34	0.8	0.3	10	35	3
朴子	嘉義縣	33	31	0.8	0.3	10	36	2
朴子	嘉義縣	32	27	0.5	0.3	10	35	2
二林	彰化縣	30	28	4.1	0.3	8	32	1
二林	彰化縣	30	28	4.9	0.3	8	32	1
二林	彰化縣	31	28	4.6	0.3	8	33	1
二林	彰化縣	31	28	4.3	0.3	8	33	1
二林	彰化縣	31	28	4.3	0.2	8	34	1
二林	彰化縣	31	28	4.3	0.2	9	34	2
二林	彰化縣	33	28	4.1	0.2	10	36	2
二林	彰化縣	33	28	3.2	0.2	9	36	2
二林	彰化縣	32	27	4	0.2	9	35	2
二林	彰化縣	33	27	4.3	0.2	8	36	2
二林	彰化縣	31	27	3.9	0.2	8	34	2
二林	彰化縣	31	26	5.2	0.2	8	34	2
二林	彰化縣	32	27	4.9	0.2	8	35	2
二林	彰化縣	32	27	4.8	0.2	8	35	2
二林	彰化縣	33	28	4.5	0.2	8	36	2
二林	彰化縣	35	29	4.5	0.2	8	38	2
二林	彰化縣	37	30	4.3	0.3	9	40	2
二林	彰化縣	38	31	3.7	0.3	9	41	3
二林	彰化縣	38	31	3.4	0.3	9	41	3
二林	彰化縣	40	31	2.3	0.3	10	43	3
二林	彰化縣	38	29	1.5	0.3	10	41	3
二林	彰化縣	35	27	2.2	0.3	10	38	3
二林	彰化縣	34	25	2.5	0.3	11	36	3
二林	彰化縣	32	23	2.3	0.3	10	31	3
彰化	彰化縣	29	23	1.8	0.5	9	16	2
彰化	彰化縣	27	23	2.4	0.4	8	16	2
彰化	彰化縣	21	23	2.4	0.4	6	14	2
彰化	彰化縣	22	24	2.3	0.4	7	15	2
彰化	彰化縣	25	25	2.4	0.3	8	16	1
彰化	彰化縣	27	25	2.4	0.3	8	16	1
彰化	彰化縣	29	26	1.4	0.3	9	17	1
彰化	彰化縣	29	26	2.1	0.3	9	16	1
彰化	彰化縣	27	26	1.8	0.3	8	15	1
彰化	彰化縣	26	25	2	0.3	8	15	1
彰化	彰化縣	23	24	2.9	0.3	7	13	1
彰化	彰化縣	24	23	2.9	0.3	7	14	1
彰化	彰化縣	24	23	2.2	0.3	7	14	1
彰化	彰化縣	24	23	2.9	0.3	8	15	1
彰化	彰化縣	24	24	3.1	0.4	7	17	1
彰化	彰化縣	28	25	3.5	0.4	9	18	1
彰化	彰化縣	29	26	2.9	0.4	9	19	1
彰化	彰化縣	28	27	2.7	0.3	9	20	1
彰化	彰化縣	26	27	2.4	0.4	8	18	1
彰化	彰化縣	25	26	1.2	0.4	8	17	1
彰化	彰化縣	26	23	1.8	0.4	8	17	1
彰化	彰化縣	29	21	2.4	0.4	9	19	1
彰化	彰化縣	32	19	1.6	0.4	10	19	1
彰化	彰化縣	32	16	1.9	0.5	10	20	1
沙鹿	臺中市	29	31	4.9	0.3	8	8	1
沙鹿	臺中市	29	31	3.8	0.3	7	9	1
沙鹿	臺中市	30	32	4	0.3	8	11	1
沙鹿	臺中市	30	32	3.8	0.2	8	13	1
沙鹿	臺中市	30	32	4.1	0.2	9	15	1
沙鹿	臺中市	31	32	4.2	0.2	10	15	1
沙鹿	臺中市	31	32	3	0.2	10	15	1
沙鹿	臺中市	31	31	3.3	0.2	10	14	1
沙鹿	臺中市	29	31	3	0.2	9	13	1
沙鹿	臺中市	28	30	4.3	0.2	8	13	1
沙鹿	臺中市	27	29	4.3	0.2	7	13	1
沙鹿	臺中市	27	29	4.9	0.2	7	14	1
沙鹿	臺中市	27	29	4.8	0.2	7	15	1
沙鹿	臺中市	27	29	4.6	0.2	7	16	1
沙鹿	臺中市	27	29	5.4	0.2	8	16	1
沙鹿	臺中市	29	31	4.3	0.2	9	16	1
沙鹿	臺中市	30	32	4.6	0.2	8	16	1
沙鹿	臺中市	30	32	3.8	0.2	7	15	1
沙鹿	臺中市	30	32	3	0.2	6	14	1
沙鹿	臺中市	29	31	3	0.2	5	13	1
沙鹿	臺中市	27	29	2.4	0.2	5	13	1
沙鹿	臺中市	25	27	2.9	0.2	7	14	1
沙鹿	臺中市	25	25	1	0.2	8	15	1
沙鹿	臺中市	28	22	1.8	0.3	9	16	1
豐原	臺中市	23	25	1.2	0.4	6	9	1
豐原	臺中市	22	24	2.2	0.4	6	9	1
豐原	臺中市	21	23	2.2	0.3	6	8	1
豐原	臺中市	22	24	2	0.3	6	8	1
豐原	臺中市	21	23	2	0.3	5	7	1
豐原	臺中市	21	23	1.7	0.3	4	6	1
豐原	臺中市	21	23	1.3	0.3	4	8	1
豐原	臺中市	21	23	1.5	0.2	4	9	1
豐原	臺中市	20	22	1.2	0.2	5	10	1
豐原	臺中市	19	21	1.5	0.2	6	11	1
豐原	臺中市	21	21	2.5	0.2	6	11	1
豐原	臺中市	21	20	2.3	0.2	7	11	1
豐原	臺中市	20	20	2	0.2	6	11	1
豐原	臺中市	19	20	1.7	0.2	6	10	1
豐原	臺中市	19	20	1.8	0.2	6	10	1
豐原	臺中市	19	21	1.4	0.2	5	9	1
豐原	臺中市	20	22	2.1	0.2	4	10	1
豐原	臺中市	22	24	1.8	0.2	5	11	1
豐原	臺中市	22	24	1.3	0.2	5	10	1
豐原	臺中市	21	23	0.5	0.2	6	12	1
豐原	臺中市	24	21	0.9	0.3	7	12	1
豐原	臺中市	27	19	0.9	0.3	8	13	1
豐原	臺中市	31	17	0.6	0.3	10	14	1
豐原	臺中市	32	14	0.9	0.3	10	14	1
松山	臺北市	48	24	2.2	0.4	15	29	2
松山	臺北市	50	25	1.9	0.4	15	31	2
松山	臺北市	51	26	1.9	0.4	16	30	2
松山	臺北市	48	28	2	0.3	15	28	2
松山	臺北市	44	30	1.8	0.3	14	24	2
松山	臺北市	40	31	2	0.3	12	21	2
松山	臺北市	36	31	2.2	0.3	11	19	2
松山	臺北市	34	32	1.8	0.2	11	18	2
松山	臺北市	31	32	1.6	0.2	10	17	2
松山	臺北市	32	31	2.2	0.2	10	17	2
松山	臺北市	31	30	2.6	0.2	10	18	2
松山	臺北市	29	29	2.4	0.2	9	17	2
松山	臺北市	30	27	1.9	0.2	9	17	2
松山	臺北市	28	26	1.9	0.2	9	16	2
松山	臺北市	27	26	1.8	0.2	8	13	2
松山	臺北市	29	25	2.1	0.2	9	13	2
松山	臺北市	27	25	1.8	0.3	8	12	2
松山	臺北市	27	25	2	0.3	8	12	2
松山	臺北市	26	24	1.8	0.3	8	13	2
松山	臺北市	29	22	1.1	0.3	7	13	2
松山	臺北市	25	21	1.4	0.3	7	13	2
松山	臺北市	25	20	1.9	0.3	7	14	2
松山	臺北市	22	18	1.7	0.4	7	14	2
松山	臺北市	21	17	2.1	0.4	6	14	2
臺東	臺東縣	32	35	2.5	0.4	3	8	2
臺東	臺東縣	31	34	2.2	0.4	3	8	2
臺東	臺東縣	31	34	2	0.4	3	7	2
臺東	臺東縣	31	34	2.3	0.4	3	7	2
臺東	臺東縣	31	34	0.5	0.3	3	7	1
臺東	臺東縣	31	33	0.5	0.3	2	6	1
臺東	臺東縣	31	33	0.5	0.3	2	6	1
臺東	臺東縣	31	33	0.5	0.3	2	5	1
臺東	臺東縣	30	32	0.5	0.3	2	5	1
臺東	臺東縣	30	32	1.9	0.3	2	6	1
臺東	臺東縣	29	31	2.2	0.3	2	7	1
臺東	臺東縣	30	32	1.9	0.3	2	7	1
臺東	臺東縣	30	32	3.1	0.3	2	7	1
臺東	臺東縣	31	33	3	0.3	2	7	1
臺東	臺東縣	31	34	3.5	0.3	2	6	1
臺東	臺東縣	33	36	3.1	0.3	1	6	1
臺東	臺東縣	34	37	3.4	0.3	1	7	1
臺東	臺東縣	36	39	2.9	0.3	1	7	1
臺東	臺東縣	37	40	2.5	0.3	2	7	1
臺東	臺東縣	38	41	2.5	0.3	2	8	1
臺東	臺東縣	37	40	1.5	0.3	2	9	1
臺東	臺東縣	36	39	1.6	0.3	3	9	1
臺東	臺東縣	35	38	1.7	0.3	3	8	1
臺東	臺東縣	34	37	1.9	0.3	3	8	1
安南	臺南市	49	26	2	0.5	15	31	2
安南	臺南市	50	23	2.4	0.5	15	30	2
安南	臺南市	52	21	2.4	0.5	16	30	2
安南	臺南市	50	20	2	0.5	15	30	2
安南	臺南市	48	20	2.5	0.4	15	29	2
安南	臺南市	43	20	2.3	0.4	13	27	2
安南	臺南市	41	20	2.1	0.4	13	25	2
安南	臺南市	41	20	1.9	0.4	13	22	2
安南	臺南市	42	19	2.4	0.3	13	22	2
安南	臺南市	44	19	2.7	0.3	14	23	2
安南	臺南市	45	19	1.8	0.3	14	27	2
安南	臺南市	51	19	3.2	0.3	16	30	2
安南	臺南市	53	21	2.5	0.4	16	33	2
安南	臺南市	55	23	2.8	0.4	17	35	2
安南	臺南市	55	27	2.8	0.4	17	34	2
安南	臺南市	54	31	3.2	0.4	17	34	2
安南	臺南市	53	34	3.4	0.4	16	33	2
安南	臺南市	53	38	3	0.4	17	33	2
安南	臺南市	55	41	2.7	0.3	17	37	2
安南	臺南市	57	43	1.8	0.3	18	39	2
安南	臺南市	58	43	1.9	0.3	19	41	1
安南	臺南市	59	41	1.8	0.3	19	42	1
安南	臺南市	58	38	2	0.3	19	42	1
安南	臺南市	57	34	2.4	0.3	18	40	1
善化	臺南市	45	26	2.9	0.4	14	22	1
善化	臺南市	49	23	2.3	0.4	15	21	1
善化	臺南市	47	22	2.4	0.4	15	20	1
善化	臺南市	50	21	2.4	0.4	15	19	1
善化	臺南市	46	21	2.7	0.4	14	19	2
善化	臺南市	43	20	2.3	0.3	13	18	2
善化	臺南市	41	20	1.6	0.3	13	17	2
善化	臺南市	39	19	2	0.3	12	18	2
善化	臺南市	40	19	2.3	0.3	12	17	2
善化	臺南市	42	18	3.1	0.3	13	18	2
善化	臺南市	45	18	2.7	0.3	14	19	2
善化	臺南市	52	18	2.4	0.3	16	20	2
善化	臺南市	56	19	3.1	0.3	18	21	2
善化	臺南市	59	23	3.3	0.3	19	23	2
善化	臺南市	61	28	3.4	0.3	20	24	2
善化	臺南市	61	33	3.5	0.3	20	25	2
善化	臺南市	61	37	3	0.4	20	25	3
善化	臺南市	61	41	3.5	0.4	20	26	3
善化	臺南市	61	43	2.5	0.4	20	26	3
善化	臺南市	64	44	1.7	0.4	21	29	3
善化	臺南市	67	43	1.5	0.4	22	32	3
善化	臺南市	65	39	1.1	0.4	21	33	3
善化	臺南市	68	34	1.3	0.4	22	35	3
善化	臺南市	65	28	2.2	0.4	21	35	3
新營	臺南市	42	25	2.9	0.4	13	28	2
新營	臺南市	40	23	2	0.4	12	25	2
新營	臺南市	40	23	1.8	0.4	12	24	2
新營	臺南市	39	23	2.3	0.4	12	23	2
新營	臺南市	38	23	1.9	0.3	12	21	2
新營	臺南市	39	23	1.9	0.3	12	20	2
新營	臺南市	38	23	2.2	0.3	12	20	2
新營	臺南市	40	23	2.3	0.3	12	19	2
新營	臺南市	41	22	2.2	0.3	13	22	2
新營	臺南市	43	22	2.3	0.3	13	23	2
新營	臺南市	45	21	2.4	0.3	14	24	2
新營	臺南市	48	21	2.8	0.3	15	26	2
新營	臺南市	51	23	3	0.3	16	27	2
新營	臺南市	52	25	2.6	0.3	16	27	2
新營	臺南市	54	28	3	0.3	17	28	2
新營	臺南市	54	31	2.4	0.3	17	28	2
新營	臺南市	53	34	3.1	0.3	16	29	2
新營	臺南市	53	37	2.5	0.3	16	32	2
新營	臺南市	52	38	2.2	0.3	16	35	2
新營	臺南市	51	38	2.2	0.3	16	38	2
新營	臺南市	52	37	1.9	0.4	16	40	2
新營	臺南市	53	34	1.9	0.4	17	41	2
新營	臺南市	56	30	1.5	0.4	18	42	2
新營	臺南市	57	26	2.1	0.4	18	41	2
